3.1921 
0.3719 
9.4595 
2.9798 
6.0066 
-0.92405 
-1.3522 
6.5063 
-8.3306 
-7.3366 
-6.5322 
-2.1812 
6.6276 
6.0673 
-8.7906 
-2.0148 
0.53752 
-1.664 
3.1372 
2.5595 
-4.1603 
-1.367 
-9.6903 
9.6813 
-6.6566 
-7.8757 
-2.5518 
-6.0376 
-0.20625 
-3.2101 
9.0326 
8.4066 
-8.9465 
4.7572 
-4.6176 
-1.5433 
0.95742 
8.8547 
-1.6451 
9.661 
-3.9709 
4.022 
3.3268 
0.78253 
3.9621 
3.3306 
-6.4374 
-7.4397 
9.9816 
-6.5776 
-9.348 
1.224 
7.6373 
3.3835 
-6.1913 
-2.6217 
-0.78548 
9.6328 
-6.8719 
7.1105 
2.8953 
-2.4746 
-6.1815 
-1.4349 
-0.35956 
-7.5878 
1.7901 
-5.4762 
-2.3076 
1.6597 
-4.9639 
-4.1912 
2.3418 
-4.6944 
6.4875 
9.6533 
4.605 
-3.1225 
1.6814 
-7.8446 
8.1262 
7.5931 
6.3552 
-4.7854 
1.8871 
-9.5497 
-1.4948 
-3.7456 
-6.7703 
-6.4247 
-1.5423 
-8.1154 
1.9705 
-0.58151 
3.919 
3.9978 
2.7706 
-9.3279 
-8.6239 
-3.608 
0.61729 
3.0889 
-1.8476 
6.3996 
4.3672 
9.373 
0.62668 
-3.4971 
-7.8874 
2.2192 
5.576 
-1.5309 
-8.1835 
-4.6706 
-6.9269 
-4.3799 
-1.1983 
0.54285 
-0.85151 
7.5074 
0.36104 
8.8725 
2.7542 
9.1539 
-5.1859 
3.5224 
-4.2187 
3.4362 
3.9028 
-8.6401 
-4.9042 
-5.5192 
3.3567 
6.8878 
-3.1108 
5.6104 
3.5066 
-9.8657 
2.0434 
-2.2646 
8.3198 
-9.977 
-0.75102 
-1.513 
-0.78167 
5.4032 
-3.5506 
5.6948 
-0.57286 
-9.2847 
-6.4825 
4.4352 
-0.53028 
-6.9456 
-3.1775 
2.1478 
-6.1651 
4.7685 
-5.143 
8.3485 
-4.6188 
5.31 
-6.2268 
-4.25 
-8.1777 
1.5242 
3.6673 
0.93186 
-1.4854 
2.8889 
2.9524 
3.5803 
2.7157 
8.9035 
-5.8213 
4.1856 
-5.2754 
-7.6121 
2.1461 
-0.99725 
-0.82549 
3.2389 
5.4057 
-2.9956 
3.2402 
-1.6768 
6.8386 
6.6583 
-4.8712 
2.2692 
1.645 
0.81479 
7.3988 
-4.7044 
-3.6385 
-7.6157 
8.7966 
2.911 
-0.41074 
2.7863 
0.89432 
2.9462 
0.87772 
4.4209 
0.44991 
9.8741 
-5.6265 
-7.884 
-7.8061 
-8.7282 
-1.9084 
-1.0325 
-2.6837 
5.2701 
2.5579 
5.4396 
8.6571 
9.4548 
-6.1594 
-7.2225 
3.9253 
-8.1236 
0.50809 
0.60688 
7.2228 
-0.30293 
-2.1309 
3.4286 
4.8252
-2.1763 
5.3823 
-2.0642 
6.1703 
5.1015 
-2.4521 
-5.6796 
5.8081 
8.9861 
-3.4487 
3.4253
5.3771 
-6.6549 
7.2396 
9.7974 
0.28847 
7.6856 
1.7605 
-6.905 
-6.0027 
-1.8609 
4.9741 
6.5117 
5.7993 
-3.6295 
0.68128 
-8.201 
-7.7659 
-7.2741 
3.573 
-0.09646 
-6.2058 
-0.099884 
-7.0478 
-8.9005 
7.0143 
1.2112 
8.5922 
3.9333 
1.6558 
6.3079 
7.5803 
9.7782 
-9.9896 
7.3088 
2.2513 
9.799 
0.5536 
-0.40953 
6.027 
-5.4431 
-0.038114 
8.017 
1.4932 
6.9036 
4.7728 
1.7197 
-5.0653 
3.3283 
-8.3303 
2.5192 
3.2189 
4.595 
7.815 
9.6461 
5.3806 
1.6289 
8.5663 
1.6018 
-9.6603 
-7.5828 
7.2542 
-0.31407 
6.8971 
-5.8119 
1.0458 
2.5977 
-9.3602 
2.2943 
-2.7518 
-9.0093 
-0.2086 
-6.1498 
-7.5383 
-5.8901 
-7.0697 
-6.2186 
-9.147 
2.704 
-4.3627 
0.77193 
3.9033 
-0.01768 
0.71602 
-1.0963 
-7.5214 
-0.19285 
7.06 
7.4785 
-4.5941 
-5.8308 
1.2996 
2.8062 
-1.6594 
-5.8805 
8.9587 
-8.3586 
-7.8858 
-7.1592 
-6.6708 
2.4192 
1.4742 
-8.9584 
8.624 
4.5732 
4.7568 
-8.7319 
7.2088 
8.6881 
9.688 
7.1788 
5.7112 
0.26755 
-6.448 
-2.0282 
-7.3214 
-9.3822 
8.7828 
-3.9739 
-4.0893 
-3.3413 
-0.65864 
2.964 
-9.4954 
6.8441 
1.1807 
7.082 
-3.0424 
-1.0795 
-8.9152 
-6.4578 
3.2562 
-3.3834 
7.9697 
-7.6369 
9.7684 
0.79964 
4.1383 
9.9898 
-4.243 
-1.7095 
-0.7032 
5.2791 
6.3641 
-7.9956 
-6.4377 
-2.8073 
-8.8659 
0.43771 
-3.283 
-6.4866 
-5.8211 
8.1031 
3.5078 
-0.63064 
8.2426 
-7.9198 
4.9109 
4.7253 
1.2372 
-6.3161 
1.9442 
-4.0013 
-7.3175 
-5.748 
7.8988 
-8.5709 
-5.1503 
-8.9249 
-1.1656 
-9.7343 
7.9438 
-6.0668 
-8.1326 
-3.8527 
-0.87885 
-7.9666 
9.9078 
-3.3581 
-4.0531 
-8.7591 
-4.0351 
-9.073 
0.10856 
5.2285 
2.6214 
-8.2022 
-8.3828 
5.5448 
8.1027 
0.67544 
-7.8169 
6.5162 
-3.238 
-4.1205 
4.9263 
-9.7933 
-9.0311 
3.3583 
2.0694 
0.52205 
4.5942 
4.1451 
5.6275 
-4.2405 
3.8506 
1.1334 
-2.0696 
-8.7682 
5.6035 
-3.2483 
2.1573 
4.8251 
-7.9037 
-7.4422 
0.9908 
-0.29541 
7.8095 
5.9792 
4.6868 
-8.9734 
-8.5423 
-8.2295 
5.967 
8.8602 
3.6743 
-7.3583 
4.4545 
-7.7929 
-7.6501 
2.8144 
-3.4237 
3.0762 
4.9826 
1.6637 
4.8006 
-5.3035 
4.6992 
9.412 
7.3386 
-8.2753 
-2.6713 
-2.616 
3.7006 
1.9588 
5.7873 
-2.6469 
-5.8794 
-8.2667 
5.4387 
-5.8865 
-2.2346 
1.0356 
-5.4209 
2.8388 
-0.31039 
-6.9631 
5.6386 
-7.9879 
-4.1187 
-5.2525 
0.61745 
-8.17 
-1.8937 
-7.9031 
-7.7543 
5.6886 
-4.1686 
2.0707 
9.2885 
-1.3503 
3.895 
5.162 
-1.3472 
3.11 
-7.8049 
8.6752 
-6.2508 
-4.6764 
5.9566 
-0.24792 
5.3792 
-2.0799 
-4.5412 
-9.2553 
3.4659 
-1.4087 
-0.96522 
2.1971 
-8.8119 
-3.6838 
5.4544 
3.9287 
-7.4934 
-7.397 
-8.153 
-9.8436 
-1.5378 
3.1115 
4.4585 
0.62419 
-7.8236 
2.6353 
-7.47 
-7.3139 
-8.0281 
-7.1595 
-6.635 
-6.075 
-3.6504 
-3.6714 
-5.6487 
-4.9792 
7.8584 
4.0645 
1.1148 
-6.3113 
-5.7594 
-8.4531 
8.276 
4.1343 
1.1558 
-3.7314 
-6.6759 
2.4499 
9.7587 
-6.5914 
-4.8442 
-2.064 
-8.5201 
3.6819 
-1.9522 
9.6567 
-1.9563 
2.4134 
-6.9126 
-2.3731 
-6.7773 
5.1622 
7.4222 
-2.9845 
3.7107 
-4.117 
0.61259 
6.6485 
1.9498 
-3.2938 
-4.0155 
-0.94815 
-1.5471 
-2.8079 
1.1664 
4.8509 
-1.5133 
-1.4129 
-7.5025 
-9.5113 
-4.1963 
-3.6496 
3.0738 
9.1387 
8.7146 
-0.84227 
-5.1904 
5.278 
5.1865 
4.813 
4.8738 
-7.8816 
3.6312 
-0.73479 
-5.7567 
-8.0296 
6.4715 
-6.4998 
-6.7286 
3.3197 
7.8878 
0.33116 
4.054 
-6.9282 
9.0691 
0.81768 
3.5947 
-9.2687 
6.1841 
4.9724 
-7.5963 
0.5009 
-3.4833 
0.92899 
-2.0224 
-1.6981 
-6.3852 
-4.8923 
-9.5893 
8.4735 
3.074 
8.6523 
-6.7298 
8.4219 
5.8932 
1.5479 
-1.1993 
-4.8477 
5.0389 
-5.4266 
-8.7163 
5.3466 
3.424 
4.3043 
2.8412 
-1.619 
-2.1848 
6.3228 
-3.6514 
6.2908 
5.7815 
7.0453 
0.11273 
2.7132 
9.0179 
-1.1207 
-8.7996 
7.335 
2.6238 
-2.8985 
9.9401 
-5.5166 
3.049 
2.0998 
-2.2551 
-7.1563 
-9.4973 
-1.5778 
-6.318 
4.5155 
-2.5927 
6.8312 
4.6846 
1.4205 
-6.4629 
9.1477 
-4.6936 
8.4916 
-5.5246 
-2.5287 
-8.25 
2.8023 
-6.3877 
-9.099 
4.4635 
-3.0512 
3.2123 
-2.3226 
2.5469 
-9.567 
8.2114 
6.0112 
4.9169 
6.2623 
-2.3339 
2.3456 
1.5099 
0.60103 
-4.4986 
-5.0274 
-0.96722 
-5.4457 
6.089 
9.7221 
-9.4002 
0.71328 
-8.2585 
6.0418 
9.7829 
-8.6611 
8.788 
-9.6364 
3.6768 
5.6747 
0.68275 
7.7072 
7.9801 
2.5188 
-7.2426 
-5.644 
-6.3572 
-9.1636 
-7.8612 
2.3289 
8.7932 
-2.9109 
-1.7874 
9.687 
8.9116 
3.5329 
9.766 
5.3366 
-3.266 
3.2476 
-5.1167 
-4.0899 
3.6036 
0.55694 
-1.7681 
2.0528 
5.0104 
1.6707 
1.0359 
1.6714 
0.2364 
-8.3481 
4.3914 
9.9231 
-2.9093 
9.4252 
-3.071 
7.7309 
-0.9061 
-1.7315 
-5.6454 
-7.4869 
-3.8217 
4.5221 
5.6574 
3.8758 
-9.804 
6.8643 
8.4466 
5.4191 
-9.1468 
-2.4363 
4.0868 
4.5903 
-5.5145 
-4.6189 
3.4606 
-0.45016 
2.4743 
-5.2711 
-6.4575 
6.5929 
5.3384 
8.6896 
-7.8422 
-6.3554 
-8.0181 
-0.20472 
-6.1351 
7.9178 
-8.0182 
-9.1167 
1.1459 
5.4499 
-3.7612 
-6.4204 
-3.2209 
-5.7971 
0.20305 
8.1273 
2.5785 
-7.9693 
-2.1829 
-8.9077 
0.025658 
-1.3656 
9.9512 
6.2321 
-0.28697 
7.889 
-7.2491 
-2.1999 
8.5471 
8.3499 
4.2715 
2.3667 
-3.1342 
8.7205 
-7.5045 
4.6117 
2.9295 
6.663 
-2.0344 
4.9964 
6.7044 
-3.5508 
1.0452 
9.5826 
0.98617 
-3.3915 
2.3894 
-2.7873 
5.1302 
-1.722 
-0.1531 
3.8949 
9.4547 
-3.4449 
6.7561 
4.7814 
9.0835 
-9.3615 
-2.8626 
3.2531 
-4.37 
-5.3923 
4.2226 
2.4915 
1.8122 
3.2088 
-9.0489 
-3.0243 
-0.97319 
-5.1819 
4.3009 
7.1236 
-4.3698 
4.621 
-7.2447 
6.7345 
-7.228 
1.7642 
-2.6769 
6.1352 
0.075616 
-0.20811 
7.541 
-2.9372 
-1.0111 
9.2706 
-9.154 
9.4592 
-6.2159 
3.3424 
1.7288 
3.5022 
-2.7796 
2.4056 
6.223 
-9.6149 
-8.3225 
9.496 
3.027 
-5.3752 
-1.9302 
-7.5596 
-4.6312 
-4.8431 
-3.3667 
-6.9553 
-3.0398 
-7.5668 
7.6831 
-8.1144 
8.6008 
-2.0196 
-9.052 
-3.1525 
4.7193 
5.8936 
0.89812 
3.7245 
7.8727 
-8.9042 
-3.9268 
-9.0762 
-6.0905 
4.4033 
4.4351 
7.556 
1.6487 
-8.5863 
8.4549 
6.0074 
-4.2811 
0.87326 
9.6955 
4.3136 
6.7794 
-1.3348 
-0.58751 
1.2143 
-4.6182 
4.9804 
0.077755 
2.9362 
-3.8451 
-7.2255 
-0.48854 
-2.7508 
5.7623 
5.6059 
3.3702 
-7.3299 
-9.5689 
1.1968 
-3.9836 
8.7882 
9.6181 
-4.2676 
6.0164 
7.9222 
1.9505 
7.6803 
8.8746 
0.98316 
4.5677 
1.5352 
-9.4829 
-1.0694 
2.926 
0.42406 
-2.5537 
8.7427 
6.5907 
6.9817 
-2.5493 
1.8637 
7.4511 
8.67 
3.3693 
-5.8645 
3.077 
-8.559 
-1.8655 
3.3386 
8.6745 
6.219 
-0.30903 
5.135 
-1.6591 
9.4357 
9.7595 
7.283

3.1921
0.3719
9.4595
2.9798
6.0065
-0.9240
-1.3522
6.5062
-8.3305
-7.3365
-6.5321
-2.1812
6.6276
6.0672
-8.7905
-2.0148
0.5375
-1.6640
3.1371
2.5595
-4.1602
-1.3669
-9.6903
9.6813
-6.6566
-7.8757
-2.5518
-6.0376
-0.2062
-3.2100
9.0326
8.4066
-8.9464
4.7572
-4.6175
-1.5432
0.9574
8.8547
-1.6451
9.6610
-3.9709
4.0219
3.3267
0.7825
3.9621
3.3306
-6.4373
-7.4397
9.9815
-6.5776
-9.3479
1.2239
7.6373
3.3835
-6.1912
-2.6217
-0.7854
9.6328
-6.8719
7.1104
2.8952
-2.4746
-6.1814
-1.4349
-0.3595
-7.5878
1.7901
-5.4762
-2.3076
1.6596
-4.9639
-4.1911
2.3417
-4.6943
6.4875
9.6533
4.6050
-3.1224
1.6814
-7.8446
8.1261
7.5931
6.3551
-4.7853
1.8871
-9.5496
-1.4947
-3.7456
-6.7702
-6.4246
-1.5423
-8.1154
1.9705
-0.5815
3.9190
3.9977
2.7706
-9.3278
-8.6239
-3.6080
0.6172
3.0889
-1.8476
6.3996
4.3671
9.3730
0.6266
-3.4970
-7.8874
2.2191
5.5760
-1.5309
-8.1835
-4.6705
-6.9268
-4.3798
-1.1983
0.5428
-0.8515
7.5074
0.3610
8.8725
2.7542
9.1539
-5.1859
3.5223
-4.2186
3.4361
3.9028
-8.6401
-4.9042
-5.5191
3.3566
6.8878
-3.1108
5.6104
3.5065
-9.8656
2.0434
-2.2646
8.3198
-9.9770
-0.7510
-1.5130
-0.7816
5.4032
-3.5506
5.6947
-0.5728
-9.2847
-6.4825
4.4352
-0.5302
-6.9456
-3.1775
2.1477
-6.1651
4.7684
-5.1430
8.3485
-4.6188
5.3099
-6.2267
-4.2500
-8.1777
1.5241
3.6673
0.9318
-1.4853
2.8889
2.9524
3.5802
2.7156
8.9034
-5.8213
4.1855
-5.2754
-7.6121
2.1461
-0.9972
-0.8254
3.2388
5.4057
-2.9956
3.2402
-1.6768
6.8386
6.6582
-4.8712
2.2692
1.6450
0.8147
7.3987
-4.7044
-3.6384
-7.6156
8.7966
2.9110
-0.4107
2.7862
0.8943
2.9461
0.8777
4.4208
0.4499
9.8740
-5.6265
-7.8839
-7.8060
-8.7281
-1.9084
-1.0325
-2.6837
5.2701
2.5578
5.4396
8.6570
9.4547
-6.1593
-7.2224
3.9253
-8.1236
0.5080
0.6068
7.2227
-0.3029
-2.1308
3.4286
4.8252
0.4010
-3.0457
-7.0001
1.7218
-4.7571
-9.1108
5.0987
-5.1442
-1.1519
3.7558
-2.8154

3.1921
0.3719
9.4595
2.9798
6.0065
-0.9240
-1.3522
6.5062
-8.3305
-7.3365
-6.5321
-2.1812
6.6276
6.0672
-8.7905
-2.0148
0.5375
-1.6640
3.1371
2.5595
-4.1602
-1.3669
-9.6903
9.6813
-6.6566
-7.8757
-2.5518
-6.0376
-0.2062
-3.2100
9.0326
8.4066
-8.9464
4.7572
-4.6175
-1.5432
0.9574
8.8547
-1.6451
9.6610
-3.9709
4.0219
3.3267
0.7825
3.9621
3.3306
-6.4373
-7.4397
9.9815
-6.5776
-9.3479
1.2239
7.6373
3.3835
-6.1912
-2.6217
-0.7854
9.6328
-6.8719
7.1104
2.8952
-2.4746
-6.1814
-1.4349
-0.3595
-7.5878
1.7901
-5.4762
-2.3076
1.6596
-4.9639
-4.1911
2.3417
-4.6943
6.4875
9.6533
4.6050
-3.1224
1.6814
-7.8446
8.1261
7.5931
6.3551
-4.7853
1.8871
-9.5496
-1.4947
-3.7456
-6.7702
-6.4246
-1.5423
-8.1154
1.9705
-0.5815
3.9190
3.9977
2.7706
-9.3278
-8.6239
-3.6080
0.6172
3.0889
-1.8476
6.3996
4.3671
9.3730
0.6266
-3.4970
-7.8874
2.2191
5.5760
-1.5309
-8.1835
-4.6705
-6.9268
-4.3798
-1.1983
0.5428
-0.8515
7.5074
0.3610
8.8725
2.7542
9.1539
-5.1859
3.5223
-4.2186
3.4361
3.9028
-8.6401
-4.9042
-5.5191
3.3566
6.8878
-3.1108
5.6104
3.5065
-9.8656
2.0434
-2.2646
8.3198
-9.9770
-0.7510
-1.5130
-0.7816
5.4032
-3.5506
5.6947
-0.5728
-9.2847
-6.4825
4.4352
-0.5302
-6.9456
-3.1775
2.1477
-6.1651
4.7684
-5.1430
8.3485
-4.6188
5.3099
-6.2267
-4.2500
-8.1777
1.5241
3.6673
0.9318
-1.4853
2.8889
2.9524
3.5802
2.7156
8.9034
-5.8213
4.1855
-5.2754
-7.6121
2.1461
-0.9972
-0.8254
3.2388
5.4057
-2.9956
3.2402
-1.6768
6.8386
6.6582
-4.8712
2.2692
1.6450
0.8147
7.3987
-4.7044
-3.6384
-7.6156
8.7966
2.9110
-0.4107
2.7862
0.8943
2.9461
0.8777
4.4208
0.4499
9.8740
-5.6265
-7.8839
-7.8060
-8.7281
-1.9084
-1.0325
-2.6837
5.2701
2.5578
5.4396
8.6570
9.4547
-6.1593
-7.2224
3.9253
-8.1236
0.5080
0.6068
7.2227
-0.3029
-2.1308
3.4286
4.8252
0.4010
-3.0457
-7.0001
1.7218
-4.7571
-9.1108
5.0987
-5.1442
-1.1519
3.7558
-2.8154


3.1921
0.3719
9.4595
2.9798
6.0065
-0.9240
-1.3522
6.5062
-8.3305
-7.3365
-6.5321
-2.1812
6.6276
6.0672
-8.7905
-2.0148
0.5375
-1.6640
3.1371
2.5595
-4.1602
-1.3669
-9.6903
9.6813
-6.6566
-7.8757
-2.5518
-6.0376
-0.2062
-3.2100
9.0326
8.4066
-8.9464
4.7572
-4.6175
-1.5432
0.9574
8.8547
-1.6451
9.6610
-3.9709
4.0219
3.3267
0.7825
3.9621
3.3306
-6.4373
-7.4397
9.9815
-6.5776
-9.3479
1.2239
7.6373
3.3835
-6.1912
-2.6217
-0.7854
9.6328
-6.8719
7.1104
2.8952
-2.4746
-6.1814
-1.4349
-0.3595
-7.5878
1.7901
-5.4762
-2.3076
1.6596
-4.9639
-4.1911
2.3417
-4.6943
6.4875
9.6533
4.6050
-3.1224
1.6814
-7.8446
8.1261
7.5931
6.3551
-4.7853
1.8871
-9.5496
-1.4947
-3.7456
-6.7702
-6.4246
-1.5423
-8.1154
1.9705
-0.5815
3.9190
3.9977
2.7706
-9.3278
-8.6239
-3.6080
0.6172
3.0889
-1.8476
6.3996
4.3671
9.3730
0.6266
-3.4970
-7.8874
2.2191
5.5760
-1.5309
-8.1835
-4.6705
-6.9268
-4.3798
-1.1983
0.5428
-0.8515
7.5074
0.3610
8.8725
2.7542
9.1539
-5.1859
3.5223
-4.2186
3.4361
3.9028
-8.6401
-4.9042
-5.5191
3.3566
6.8878
-3.1108
5.6104
3.5065
-9.8656
2.0434
-2.2646
8.3198
-9.9770
-0.7510
-1.5130
-0.7816
5.4032
-3.5506
5.6947
-0.5728
-9.2847
-6.4825
4.4352
-0.5302
-6.9456
-3.1775
2.1477
-6.1651
4.7684
-5.1430
8.3485
-4.6188
5.3099
-6.2267
-4.2500
-8.1777
1.5241
3.6673
0.9318
-1.4853
2.8889
2.9524
3.5802
2.7156
8.9034
-5.8213
4.1855
-5.2754
-7.6121
2.1461
-0.9972
-0.8254
3.2388
5.4057
-2.9956
3.2402
-1.6768
6.8386
6.6582
-4.8712
2.2692
1.6450
0.8147
7.3987
-4.7044
-3.6384
-7.6156
8.7966
2.9110
-0.4107
2.7862
0.8943
2.9461
0.8777
4.4208
0.4499
9.8740
-5.6265
-7.8839
-7.8060
-8.7281
-1.9084
-1.0325
-2.6837
5.2701
2.5578
5.4396
8.6570
9.4547
-6.1593
-7.2224
3.9253
-8.1236
0.5080
0.6068
7.2227
-0.3029
-2.1308
3.4286
4.8252
-2.1763
5.3822
-2.0641
6.1703
5.1015
-2.4521
-5.6795
5.8080
8.9861
-3.4486
3.4253
-1.4253


3.1921
0.3719
9.4595
2.9798
6.0065
-0.9240
-1.3522
6.5062
-8.3305
-7.3365
-6.5321
-2.1812
6.6276
6.0672
-8.7905
-2.0148
0.5375
-1.6640
3.1371
2.5595
-4.1602
-1.3669
-9.6903
9.6813
-6.6566
-7.8757
-2.5518
-6.0376
-0.2062
-3.2100
9.0326
8.4066
-8.9464
4.7572
-4.6175
-1.5432
0.9574
8.8547
-1.6451
9.6610
-3.9709
4.0219
3.3267
0.7825
3.9621
3.3306
-6.4373
-7.4397
9.9815
-6.5776
-9.3479
1.2239
7.6373
3.3835
-6.1912
-2.6217
-0.7854
9.6328
-6.8719
7.1104
2.8952
-2.4746
-6.1814
-1.4349
-0.3595
-7.5878
1.7901
-5.4762
-2.3076
1.6596
-4.9639
-4.1911
2.3417
-4.6943
6.4875
9.6533
4.6050
-3.1224
1.6814
-7.8446
8.1261
7.5931
6.3551
-4.7853
1.8871
-9.5496
-1.4947
-3.7456
-6.7702
-6.4246
-1.5423
-8.1154
1.9705
-0.5815
3.9190
3.9977
2.7706
-9.3278
-8.6239
-3.6080
0.6172
3.0889
-1.8476
6.3996
4.3671
9.3730
0.6266
-3.4970
-7.8874
2.2191
5.5760
-1.5309
-8.1835
-4.6705
-6.9268
-4.3798
-1.1983
0.5428
-0.8515
7.5074
0.3610
8.8725
2.7542
9.1539
-5.1859
3.5223
-4.2186
3.4361
3.9028
-8.6401
-4.9042
-5.5191
3.3566
6.8878
-3.1108
5.6104
3.5065
-9.8656
2.0434
-2.2646
8.3198
-9.9770
-0.7510
-1.5130
-0.7816
5.4032
-3.5506
5.6947
-0.5728
-9.2847
-6.4825
4.4352
-0.5302
-6.9456
-3.1775
2.1477
-6.1651
4.7684
-5.1430
8.3485
-4.6188
5.3099
-6.2267
-4.2500
-8.1777
1.5241
3.6673
0.9318
-1.4853
2.8889
2.9524
3.5802
2.7156
8.9034
-5.8213
4.1855
-5.2754
-7.6121
2.1461
-0.9972
-0.8254
3.2388
5.4057
-2.9956
3.2402
-1.6768
6.8386
6.6582
-4.8712
2.2692
1.6450
0.8147
7.3987
-4.7044
-3.6384
-7.6156
8.7966
2.9110
-0.4107
2.7862
0.8943
2.9461
0.8777
4.4208
0.4499
9.8740
-5.6265
-7.8839
-7.8060
-8.7281
-1.9084
-1.0325
-2.6837
5.2701
2.5578
5.4396
8.6570
9.4547
-6.1593
-7.2224
3.9253
-8.1236
0.5080
0.6068
7.2227
-0.3029
-2.1308
3.4286
4.8252
-2.1763
5.3822
-2.0641
6.1703
5.1015
-2.4521
-5.6795
5.8080
8.9861
-3.4486
3.4253
6.5999


3.1921
0.3719
9.4595
2.9798
6.0065
-0.9240
-1.3522
6.5062
-8.3305
-7.3365
-6.5321
-2.1812
6.6276
6.0672
-8.7905
-2.0148
0.5375
-1.6640
3.1371
2.5595
-4.1602
-1.3669
-9.6903
9.6813
-6.6566
-7.8757
-2.5518
-6.0376
-0.2062
-3.2100
9.0326
8.4066
-8.9464
4.7572
-4.6175
-1.5432
0.9574
8.8547
-1.6451
9.6610
-3.9709
4.0219
3.3267
0.7825
3.9621
3.3306
-6.4373
-7.4397
9.9815
-6.5776
-9.3479
1.2239
7.6373
3.3835
-6.1912
-2.6217
-0.7854
9.6328
-6.8719
7.1104
2.8952
-2.4746
-6.1814
-1.4349
-0.3595
-7.5878
1.7901
-5.4762
-2.3076
1.6596
-4.9639
-4.1911
2.3417
-4.6943
6.4875
9.6533
4.6050
-3.1224
1.6814
-7.8446
8.1261
7.5931
6.3551
-4.7853
1.8871
-9.5496
-1.4947
-3.7456
-6.7702
-6.4246
-1.5423
-8.1154
1.9705
-0.5815
3.9190
3.9977
2.7706
-9.3278
-8.6239
-3.6080
0.6172
3.0889
-1.8476
6.3996
4.3671
9.3730
0.6266
-3.4970
-7.8874
2.2191
5.5760
-1.5309
-8.1835
-4.6705
-6.9268
-4.3798
-1.1983
0.5428
-0.8515
7.5074
0.3610
8.8725
2.7542
9.1539
-5.1859
3.5223
-4.2186
3.4361
3.9028
-8.6401
-4.9042
-5.5191
3.3566
6.8878
-3.1108
5.6104
3.5065
-9.8656
2.0434
-2.2646
8.3198
-9.9770
-0.7510
-1.5130
-0.7816
5.4032
-3.5506
5.6947
-0.5728
-9.2847
-6.4825
4.4352
-0.5302
-6.9456
-3.1775
2.1477
-6.1651
4.7684
-5.1430
8.3485
-4.6188
5.3099
-6.2267
-4.2500
-8.1777
1.5241
3.6673
0.9318
-1.4853
2.8889
2.9524
3.5802
2.7156
8.9034
-5.8213
4.1855
-5.2754
-7.6121
2.1461
-0.9972
-0.8254
3.2388
5.4057
-2.9956
3.2402
-1.6768
6.8386
6.6582
-4.8712
2.2692
1.6450
0.8147
7.3987
-4.7044
-3.6384
-7.6156
8.7966
2.9110
-0.4107
2.7862
0.8943
2.9461
0.8777
4.4208
0.4499
9.8740
-5.6265
-7.8839
-7.8060
-8.7281
-1.9084
-1.0325
-2.6837
5.2701
2.5578
5.4396
8.6570
9.4547
-6.1593
-7.2224
3.9253
-8.1236
0.5080
0.6068
7.2227
-0.3029
-2.1308
3.4286
4.8252
-2.1763
5.3822
-2.0641
6.1703
5.1015
-2.4521
-5.6795
5.8080
8.9861
-3.4486
3.4253
5.3000


3.1921
0.3719
9.4595
2.9798
6.0065
-0.9240
-1.3522
6.5062
-8.3305
-7.3365
-6.5321
-2.1812
6.6276
6.0672
-8.7905
-2.0148
0.5375
-1.6640
3.1371
2.5595
-4.1602
-1.3669
-9.6903
9.6813
-6.6566
-7.8757
-2.5518
-6.0376
-0.2062
-3.2100
9.0326
8.4066
-8.9464
4.7572
-4.6175
-1.5432
0.9574
8.8547
-1.6451
9.6610
-3.9709
4.0219
3.3267
0.7825
3.9621
3.3306
-6.4373
-7.4397
9.9815
-6.5776
-9.3479
1.2239
7.6373
3.3835
-6.1912
-2.6217
-0.7854
9.6328
-6.8719
7.1104
2.8952
-2.4746
-6.1814
-1.4349
-0.3595
-7.5878
1.7901
-5.4762
-2.3076
1.6596
-4.9639
-4.1911
2.3417
-4.6943
6.4875
9.6533
4.6050
-3.1224
1.6814
-7.8446
8.1261
7.5931
6.3551
-4.7853
1.8871
-9.5496
-1.4947
-3.7456
-6.7702
-6.4246
-1.5423
-8.1154
1.9705
-0.5815
3.9190
3.9977
2.7706
-9.3278
-8.6239
-3.6080
0.6172
3.0889
-1.8476
6.3996
4.3671
9.3730
0.6266
-3.4970
-7.8874
2.2191
5.5760
-1.5309
-8.1835
-4.6705
-6.9268
-4.3798
-1.1983
0.5428
-0.8515
7.5074
0.3610
8.8725
2.7542
9.1539
-5.1859
3.5223
-4.2186
3.4361
3.9028
-8.6401
-4.9042
-5.5191
3.3566
6.8878
-3.1108
5.6104
3.5065
-9.8656
2.0434
-2.2646
8.3198
-9.9770
-0.7510
-1.5130
-0.7816
5.4032
-3.5506
5.6947
-0.5728
-9.2847
-6.4825
4.4352
-0.5302
-6.9456
-3.1775
2.1477
-6.1651
4.7684
-5.1430
8.3485
-4.6188
5.3099
-6.2267
-4.2500
-8.1777
1.5241
3.6673
0.9318
-1.4853
2.8889
2.9524
3.5802
2.7156
8.9034
-5.8213
4.1855
-5.2754
-7.6121
2.1461
-0.9972
-0.8254
3.2388
5.4057
-2.9956
3.2402
-1.6768
6.8386
6.6582
-4.8712
2.2692
1.6450
0.8147
7.3987
-4.7044
-3.6384
-7.6156
8.7966
2.9110
-0.4107
2.7862
0.8943
2.9461
0.8777
4.4208
0.4499
9.8740
-5.6265
-7.8839
-7.8060
-8.7281
-1.9084
-1.0325
-2.6837
5.2701
2.5578
5.4396
8.6570
9.4547
-6.1593
-7.2224
3.9253
-8.1236
0.5080
0.6068
7.2227
-0.3029
-2.1308
3.4286
4.8252
-2.1763
5.3822
-2.0641
6.1703
5.1015
-2.4521
-5.6795
5.8080
8.9861
-3.4486
3.4253
5.3000


3.1921
0.3719
9.4595
2.9798
6.0065
-0.9240
-1.3522
6.5062
-8.3305
-7.3365
-6.5321
-2.1812
6.6276
6.0672
-8.7905
-2.0148
0.5375
-1.6640
3.1371
2.5595
-4.1602
-1.3669
-9.6903
9.6813
-6.6566
-7.8757
-2.5518
-6.0376
-0.2062
-3.2100
9.0326
8.4066
-8.9464
4.7572
-4.6175
-1.5432
0.9574
8.8547
-1.6451
9.6610
-3.9709
4.0219
3.3267
0.7825
3.9621
3.3306
-6.4373
-7.4397
9.9815
-6.5776
-9.3479
1.2239
7.6373
3.3835
-6.1912
-2.6217
-0.7854
9.6328
-6.8719
7.1104
2.8952
-2.4746
-6.1814
-1.4349
-0.3595
-7.5878
1.7901
-5.4762
-2.3076
1.6596
-4.9639
-4.1911
2.3417
-4.6943
6.4875
9.6533
4.6050
-3.1224
1.6814
-7.8446
8.1261
7.5931
6.3551
-4.7853
1.8871
-9.5496
-1.4947
-3.7456
-6.7702
-6.4246
-1.5423
-8.1154
1.9705
-0.5815
3.9190
3.9977
2.7706
-9.3278
-8.6239
-3.6080
0.6172
3.0889
-1.8476
6.3996
4.3671
9.3730
0.6266
-3.4970
-7.8874
2.2191
5.5760
-1.5309
-8.1835
-4.6705
-6.9268
-4.3798
-1.1983
0.5428
-0.8515
7.5074
0.3610
8.8725
2.7542
9.1539
-5.1859
3.5223
-4.2186
3.4361
3.9028
-8.6401
-4.9042
-5.5191
3.3566
6.8878
-3.1108
5.6104
3.5065
-9.8656
2.0434
-2.2646
8.3198
-9.9770
-0.7510
-1.5130
-0.7816
5.4032
-3.5506
5.6947
-0.5728
-9.2847
-6.4825
4.4352
-0.5302
-6.9456
-3.1775
2.1477
-6.1651
4.7684
-5.1430
8.3485
-4.6188
5.3099
-6.2267
-4.2500
-8.1777
1.5241
3.6673
0.9318
-1.4853
2.8889
2.9524
3.5802
2.7156
8.9034
-5.8213
4.1855
-5.2754
-7.6121
2.1461
-0.9972
-0.8254
3.2388
5.4057
-2.9956
3.2402
-1.6768
6.8386
6.6582
-4.8712
2.2692
1.6450
0.8147
7.3987
-4.7044
-3.6384
-7.6156
8.7966
2.9110
-0.4107
2.7862
0.8943
2.9461
0.8777
4.4208
0.4499
9.8740
-5.6265
-7.8839
-7.8060
-8.7281
-1.9084
-1.0325
-2.6837
5.2701
2.5578
5.4396
8.6570
9.4547
-6.1593
-7.2224
3.9253
-8.1236
0.5080
0.6068
7.2227
-0.3029
-2.1308
3.4286
4.8252
-2.1763
5.3822
-2.0641
6.1703
5.1015
-2.4521
-5.6795
5.8080
8.9861
-3.4486
3.4253
5.3000


3.1921
0.3719
9.4595
2.9798
6.0065
-0.9240
-1.3522
6.5062
-8.3305
-7.3365
-6.5321
-2.1812
6.6276
6.0672
-8.7905
-2.0148
0.5375
-1.6640
3.1371
2.5595
-4.1602
-1.3669
-9.6903
9.6813
-6.6566
-7.8757
-2.5518
-6.0376
-0.2062
-3.2100
9.0326
8.4066
-8.9464
4.7572
-4.6175
-1.5432
0.9574
8.8547
-1.6451
9.6610
-3.9709
4.0219
3.3267
0.7825
3.9621
3.3306
-6.4373
-7.4397
9.9815
-6.5776
-9.3479
1.2239
7.6373
3.3835
-6.1912
-2.6217
-0.7854
9.6328
-6.8719
7.1104
2.8952
-2.4746
-6.1814
-1.4349
-0.3595
-7.5878
1.7901
-5.4762
-2.3076
1.6596
-4.9639
-4.1911
2.3417
-4.6943
6.4875
9.6533
4.6050
-3.1224
1.6814
-7.8446
8.1261
7.5931
6.3551
-4.7853
1.8871
-9.5496
-1.4947
-3.7456
-6.7702
-6.4246
-1.5423
-8.1154
1.9705
-0.5815
3.9190
3.9977
2.7706
-9.3278
-8.6239
-3.6080
0.6172
3.0889
-1.8476
6.3996
4.3671
9.3730
0.6266
-3.4970
-7.8874
2.2191
5.5760
-1.5309
-8.1835
-4.6705
-6.9268
-4.3798
-1.1983
0.5428
-0.8515
7.5074
0.3610
8.8725
2.7542
9.1539
-5.1859
3.5223
-4.2186
3.4361
3.9028
-8.6401
-4.9042
-5.5191
3.3566
6.8878
-3.1108
5.6104
3.5065
-9.8656
2.0434
-2.2646
8.3198
-9.9770
-0.7510
-1.5130
-0.7816
5.4032
-3.5506
5.6947
-0.5728
-9.2847
-6.4825
4.4352
-0.5302
-6.9456
-3.1775
2.1477
-6.1651
4.7684
-5.1430
8.3485
-4.6188
5.3099
-6.2267
-4.2500
-8.1777
1.5241
3.6673
0.9318
-1.4853
2.8889
2.9524
3.5802
2.7156
8.9034
-5.8213
4.1855
-5.2754
-7.6121
2.1461
-0.9972
-0.8254
3.2388
5.4057
-2.9956
3.2402
-1.6768
6.8386
6.6582
-4.8712
2.2692
1.6450
0.8147
7.3987
-4.7044
-3.6384
-7.6156
8.7966
2.9110
-0.4107
2.7862
0.8943
2.9461
0.8777
4.4208
0.4499
9.8740
-5.6265
-7.8839
-7.8060
-8.7281
-1.9084
-1.0325
-2.6837
5.2701
2.5578
5.4396
8.6570
9.4547
-6.1593
-7.2224
3.9253
-8.1236
0.5080
0.6068
7.2227
-0.3029
-2.1308
3.4286
4.8252
-2.1763
5.3822
-2.0641
6.1703
5.1015
-2.4521
-5.6795
5.8080
8.9861
-3.4486
3.4253
5.3000


3.1921
0.3719
9.4595
2.9798
6.0065
-0.9240
-1.3522
6.5062
-8.3305
-7.3365
-6.5321
-2.1812
6.6276
6.0672
-8.7905
-2.0148
0.5375
-1.6640
3.1371
2.5595
-4.1602
-1.3669
-9.6903
9.6813
-6.6566
-7.8757
-2.5518
-6.0376
-0.2062
-3.2100
9.0326
8.4066
-8.9464
4.7572
-4.6175
-1.5432
0.9574
8.8547
-1.6451
9.6610
-3.9709
4.0219
3.3267
0.7825
3.9621
3.3306
-6.4373
-7.4397
9.9815
-6.5776
-9.3479
1.2239
7.6373
3.3835
-6.1912
-2.6217
-0.7854
9.6328
-6.8719
7.1104
2.8952
-2.4746
-6.1814
-1.4349
-0.3595
-7.5878
1.7901
-5.4762
-2.3076
1.6596
-4.9639
-4.1911
2.3417
-4.6943
6.4875
9.6533
4.6050
-3.1224
1.6814
-7.8446
8.1261
7.5931
6.3551
-4.7853
1.8871
-9.5496
-1.4947
-3.7456
-6.7702
-6.4246
-1.5423
-8.1154
1.9705
-0.5815
3.9190
3.9977
2.7706
-9.3278
-8.6239
-3.6080
0.6172
3.0889
-1.8476
6.3996
4.3671
9.3730
0.6266
-3.4970
-7.8874
2.2191
5.5760
-1.5309
-8.1835
-4.6705
-6.9268
-4.3798
-1.1983
0.5428
-0.8515
7.5074
0.3610
8.8725
2.7542
9.1539
-5.1859
3.5223
-4.2186
3.4361
3.9028
-8.6401
-4.9042
-5.5191
3.3566
6.8878
-3.1108
5.6104
3.5065
-9.8656
2.0434
-2.2646
8.3198
-9.9770
-0.7510
-1.5130
-0.7816
5.4032
-3.5506
5.6947
-0.5728
-9.2847
-6.4825
4.4352
-0.5302
-6.9456
-3.1775
2.1477
-6.1651
4.7684
-5.1430
8.3485
-4.6188
5.3099
-6.2267
-4.2500
-8.1777
1.5241
3.6673
0.9318
-1.4853
2.8889
2.9524
3.5802
2.7156
8.9034
-5.8213
4.1855
-5.2754
-7.6121
2.1461
-0.9972
-0.8254
3.2388
5.4057
-2.9956
3.2402
-1.6768
6.8386
6.6582
-4.8712
2.2692
1.6450
0.8147
7.3987
-4.7044
-3.6384
-7.6156
8.7966
2.9110
-0.4107
2.7862
0.8943
2.9461
0.8777
4.4208
0.4499
9.8740
-5.6265
-7.8839
-7.8060
-8.7281
-1.9084
-1.0325
-2.6837
5.2701
2.5578
5.4396
8.6570
9.4547
-6.1593
-7.2224
3.9253
-8.1236
0.5080
0.6068
7.2227
-0.3029
-2.1308
3.4286
4.8252
-2.1763
5.3822
-2.0641
6.1703
5.1015
-2.4521
-5.6795
5.8080
8.9861
-3.4486
3.4253
5.3000


3.1921
0.3719
9.4595
2.9798
6.0065
-0.9240
-1.3522
6.5062
-8.3305
-7.3365
-6.5321
-2.1812
6.6276
6.0672
-8.7905
-2.0148
0.5375
-1.6640
3.1371
2.5595
-4.1602
-1.3669
-9.6903
9.6813
-6.6566
-7.8757
-2.5518
-6.0376
-0.2062
-3.2100
9.0326
8.4066
-8.9464
4.7572
-4.6175
-1.5432
0.9574
8.8547
-1.6451
9.6610
-3.9709
4.0219
3.3267
0.7825
3.9621
3.3306
-6.4373
-7.4397
9.9815
-6.5776
-9.3479
1.2239
7.6373
3.3835
-6.1912
-2.6217
-0.7854
9.6328
-6.8719
7.1104
2.8952
-2.4746
-6.1814
-1.4349
-0.3595
-7.5878
1.7901
-5.4762
-2.3076
1.6596
-4.9639
-4.1911
2.3417
-4.6943
6.4875
9.6533
4.6050
-3.1224
1.6814
-7.8446
8.1261
7.5931
6.3551
-4.7853
1.8871
-9.5496
-1.4947
-3.7456
-6.7702
-6.4246
-1.5423
-8.1154
1.9705
-0.5815
3.9190
3.9977
2.7706
-9.3278
-8.6239
-3.6080
0.6172
3.0889
-1.8476
6.3996
4.3671
9.3730
0.6266
-3.4970
-7.8874
2.2191
5.5760
-1.5309
-8.1835
-4.6705
-6.9268
-4.3798
-1.1983
0.5428
-0.8515
7.5074
0.3610
8.8725
2.7542
9.1539
-5.1859
3.5223
-4.2186
3.4361
3.9028
-8.6401
-4.9042
-5.5191
3.3566
6.8878
-3.1108
5.6104
3.5065
-9.8656
2.0434
-2.2646
8.3198
-9.9770
-0.7510
-1.5130
-0.7816
5.4032
-3.5506
5.6947
-0.5728
-9.2847
-6.4825
4.4352
-0.5302
-6.9456
-3.1775
2.1477
-6.1651
4.7684
-5.1430
8.3485
-4.6188
5.3099
-6.2267
-4.2500
-8.1777
1.5241
3.6673
0.9318
-1.4853
2.8889
2.9524
3.5802
2.7156
8.9034
-5.8213
4.1855
-5.2754
-7.6121
2.1461
-0.9972
-0.8254
3.2388
5.4057
-2.9956
3.2402
-1.6768
6.8386
6.6582
-4.8712
2.2692
1.6450
0.8147
7.3987
-4.7044
-3.6384
-7.6156
8.7966
2.9110
-0.4107
2.7862
0.8943
2.9461
0.8777
4.4208
0.4499
9.8740
-5.6265
-7.8839
-7.8060
-8.7281
-1.9084
-1.0325
-2.6837
5.2701
2.5578
5.4396
8.6570
9.4547
-6.1593
-7.2224
3.9253
-8.1236
0.5080
0.6068
7.2227
-0.3029
-2.1308
3.4286
4.8252
-2.1763
5.3822
-2.0641
6.1703
5.1015
-2.4521
-5.6795
5.8080
8.9861
-3.4486
3.4253
5.3771
-6.6549
7.2396
9.7973
0.2884
7.6855
1.7604
-6.9049
-6.0026
-1.8608
4.9741
6.5117
5.7993
-3.6294
0.6812
-8.2010
-7.7659
-7.2740
3.5729
-0.0964
-6.2058
-0.0998
-7.0478
-8.9005
7.0142
1.2112
8.5922
3.9333
1.6558
6.3078
7.5802
9.7782
-9.9896
7.3088
2.2513
9.7989
0.5536
-0.4095
6.0269
-5.4431
-0.0381
8.0170
1.4932
6.9035
4.7727
1.7197
-5.0652
3.3283
-8.3303
2.5192
3.2188
4.5950
7.8150
9.6461
5.3805
1.6289
8.5663
1.6017
-9.6603
-7.5827
7.2541
-0.3140
6.8971
-5.8119
1.0457
2.5977
-9.3601
2.2943
-2.7518
-9.0093
-0.2086
-6.1497
-7.5383
-5.8901
-7.0697
-6.2185
-9.1470
2.7040
-4.3626
0.7719
3.9033
-0.0176
0.7160
-1.0963
-7.5213
-0.1928
7.0599
7.4784
-4.5941
-5.8308
1.2996
2.8062
-1.6594
-5.8804
8.9587
-8.3585
-7.8857
-7.1592
-6.6708
2.4191
1.4742
-8.9583
8.6239
4.5732
4.7568
-8.7319
7.2087
8.6880
9.6879
7.1788
5.7111
0.2675
-6.4479
-2.0281
-7.3214
-9.3822
8.7827
-3.9739
-4.0893
-3.3413
-0.6586
2.9640
-9.4954
6.8441
1.1807
7.0819
-3.0423
-1.0794
-8.9152
-6.4577
3.2562
-3.3833
7.9696
-7.6368
9.7684
0.7996
4.1382
9.9897
-4.2430
-1.7095
-0.7032
5.2790
6.3640
-7.9955
-6.4376
-2.8073
-8.8659
0.4377
-3.2830
-6.4865
-5.8211
8.1030
3.5078
-0.6306
8.2426
-7.9197
4.9109
4.7252
1.2372
-6.3161
1.9442
-4.0012
-7.3175
-5.7480
7.8987
-8.5708
-5.1503
-8.9249
-1.1656
-9.7342
7.9438
-6.0668
-8.1325
-3.8527
-0.8788
-7.9665
9.9077
-3.3580
-4.0531
-8.7590
-4.0350
-9.0729
0.1085
5.2284
2.6213
-8.2021
-8.3828
5.5447
8.1027
0.6754
-7.8169
6.5162
-3.2379
-4.1205
4.9263
-9.7932
-9.0311
3.3582
2.0694
0.5220
4.5942
4.1451
5.6275
-4.2404
3.8506
1.1333
-2.0696
-8.7681
5.6034
-3.2483
2.1573
4.8250
-7.9036
-7.4422
0.9908
-0.2954
7.8094
5.9791
4.6868
-8.9734
-8.5423
-8.2294
5.9670
8.8601
3.6742
-7.3583
4.4545
-7.7929
-7.6500
2.8143
-0.8144


3.1921
0.3719
9.4595
2.9798
6.0065
-0.9240
-1.3522
6.5062
-8.3305
-7.3365
-6.5321
-2.1812
6.6276
6.0672
-8.7905
-2.0148
0.5375
-1.6640
3.1371
2.5595
-4.1602
-1.3669
-9.6903
9.6813
-6.6566
-7.8757
-2.5518
-6.0376
-0.2062
-3.2100
9.0326
8.4066
-8.9464
4.7572
-4.6175
-1.5432
0.9574
8.8547
-1.6451
9.6610
-3.9709
4.0219
3.3267
0.7825
3.9621
3.3306
-6.4373
-7.4397
9.9815
-6.5776
-9.3479
1.2239
7.6373
3.3835
-6.1912
-2.6217
-0.7854
9.6328
-6.8719
7.1104
2.8952
-2.4746
-6.1814
-1.4349
-0.3595
-7.5878
1.7901
-5.4762
-2.3076
1.6596
-4.9639
-4.1911
2.3417
-4.6943
6.4875
9.6533
4.6050
-3.1224
1.6814
-7.8446
8.1261
7.5931
6.3551
-4.7853
1.8871
-9.5496
-1.4947
-3.7456
-6.7702
-6.4246
-1.5423
-8.1154
1.9705
-0.5815
3.9190
3.9977
2.7706
-9.3278
-8.6239
-3.6080
0.6172
3.0889
-1.8476
6.3996
4.3671
9.3730
0.6266
-3.4970
-7.8874
2.2191
5.5760
-1.5309
-8.1835
-4.6705
-6.9268
-4.3798
-1.1983
0.5428
-0.8515
7.5074
0.3610
8.8725
2.7542
9.1539
-5.1859
3.5223
-4.2186
3.4361
3.9028
-8.6401
-4.9042
-5.5191
3.3566
6.8878
-3.1108
5.6104
3.5065
-9.8656
2.0434
-2.2646
8.3198
-9.9770
-0.7510
-1.5130
-0.7816
5.4032
-3.5506
5.6947
-0.5728
-9.2847
-6.4825
4.4352
-0.5302
-6.9456
-3.1775
2.1477
-6.1651
4.7684
-5.1430
8.3485
-4.6188
5.3099
-6.2267
-4.2500
-8.1777
1.5241
3.6673
0.9318
-1.4853
2.8889
2.9524
3.5802
2.7156
8.9034
-5.8213
4.1855
-5.2754
-7.6121
2.1461
-0.9972
-0.8254
3.2388
5.4057
-2.9956
3.2402
-1.6768
6.8386
6.6582
-4.8712
2.2692
1.6450
0.8147
7.3987
-4.7044
-3.6384
-7.6156
8.7966
2.9110
-0.4107
2.7862
0.8943
2.9461
0.8777
4.4208
0.4499
9.8740
-5.6265
-7.8839
-7.8060
-8.7281
-1.9084
-1.0325
-2.6837
5.2701
2.5578
5.4396
8.6570
9.4547
-6.1593
-7.2224
3.9253
-8.1236
0.5080
0.6068
7.2227
-0.3029
-2.1308
3.4286
4.8252
-2.1763
5.3822
-2.0641
6.1703
5.1015
-2.4521
-5.6795
5.8080
8.9861
-3.4486
3.4253
5.3771
-6.6549
7.2396
9.7973
0.2884
7.6855
1.7604
-6.9049
-6.0026
-1.8608
4.9741
6.5117
5.7993
-3.6294
0.6812
-8.2010
-7.7659
-7.2740
3.5729
-0.0964
-6.2058
-0.0998
-7.0478
-8.9005
7.0142
1.2112
8.5922
3.9333
1.6558
6.3078
7.5802
9.7782
-9.9896
7.3088
2.2513
9.7989
0.5536
-0.4095
6.0269
-5.4431
-0.0381
8.0170
1.4932
6.9035
4.7727
1.7197
-5.0652
3.3283
-8.3303
2.5192
3.2188
4.5950
7.8150
9.6461
5.3805
1.6289
8.5663
1.6017
-9.6603
-7.5827
7.2541
-0.3140
6.8971
-5.8119
1.0457
2.5977
-9.3601
2.2943
-2.7518
-9.0093
-0.2086
-6.1497
-7.5383
-5.8901
-7.0697
-6.2185
-9.1470
2.7040
-4.3626
0.7719
3.9033
-0.0176
0.7160
-1.0963
-7.5213
-0.1928
7.0599
7.4784
-4.5941
-5.8308
1.2996
2.8062
-1.6594
-5.8804
8.9587
-8.3585
-7.8857
-7.1592
-6.6708
2.4191
1.4742
-8.9583
8.6239
4.5732
4.7568
-8.7319
7.2087
8.6880
9.6879
7.1788
5.7111
0.2675
-6.4479
-2.0281
-7.3214
-9.3822
8.7827
-3.9739
-4.0893
-3.3413
-0.6586
2.9640
-9.4954
6.8441
1.1807
7.0819
-3.0423
-1.0794
-8.9152
-6.4577
3.2562
-3.3833
7.9696
-7.6368
9.7684
0.7996
4.1382
9.9897
-4.2430
-1.7095
-0.7032
5.2790
6.3640
-7.9955
-6.4376
-2.8073
-8.8659
0.4377
-3.2830
-6.4865
-5.8211
8.1030
3.5078
-0.6306
8.2426
-7.9197
4.9109
4.7252
1.2372
-6.3161
1.9442
-4.0012
-7.3175
-5.7480
7.8987
-8.5708
-5.1503
-8.9249
-1.1656
-9.7342
7.9438
-6.0668
-8.1325
-3.8527
-0.8788
-7.9665
9.9077
-3.3580
-4.0531
-8.7590
-4.0350
-9.0729
0.1085
5.2284
2.6213
-8.2021
-8.3828
5.5447
8.1027
0.6754
-7.8169
6.5162
-3.2379
-4.1205
4.9263
-9.7932
-9.0311
3.3582
2.0694
0.5220
4.5942
4.1451
5.6275
-4.2404
3.8506
1.1333
-2.0696
-8.7681
5.6034
-3.2483
2.1573
4.8250
-7.9036
-7.4422
0.9908
-0.2954
7.8094
5.9791
4.6868
-8.9734
-8.5423
-8.2294
5.9670
8.8601
3.6742
-7.3583
4.4545
-7.7929
-7.6500
2.8143
-3.4237
3.0762
4.9826
1.6637
4.8006
-5.3035
4.6992
9.4119
7.3386
-8.2753
-2.6712
-2.6159
3.7006
1.9588
5.7873
-2.6468
-5.8794
-8.2666
5.4387
-5.8864
-2.2346
1.0355
-5.4208
2.8388
-0.3103
-6.9631
5.6385
-7.9878
-4.1187
-5.2525
0.6174
-8.1700
-1.8937
-7.9031
-7.7543
5.6886
-4.1686
2.0706
9.2884
-1.3503
3.8950
5.1620
-1.3472
3.1099
-7.8049
8.6751
-6.2508
-4.6764
5.9566
-0.2479
5.3791
-2.0799
-4.5412
-9.2552
3.4658
-1.4087
-0.9652
2.1970
-8.8119
-3.6838
5.4544
3.9287
-7.4934
-7.3969
-8.1529
-9.8436
-1.5378
3.1115
4.4584
0.6241
-7.8235
2.6352
-7.4699
-7.3139
-8.0281
-7.1595
-6.6350
-6.0749
-3.6503
-3.6714
-5.6486
-4.9791
7.8583
4.0644
1.1147
-6.3112
-5.7593
-8.4531
8.2760
4.1343
1.1557
-3.7314
-6.6759
2.4498
9.7587
-6.5914
-4.8442
-2.0639
-8.5200
3.6819
-1.9521
9.6567
-1.9563
2.4133
-6.9126
-2.3731
-6.7772
5.1621
7.4222
-2.9844
3.7107
-4.1170
0.6125
6.6484
1.9498
-3.2937
-4.0155
-0.9481
-1.5471
-2.8078
1.1663
4.8509
-1.5132
-1.4128
-7.5025
-9.5113
-4.1963
-3.6496
3.0738
9.1386
8.7145
-0.8422
-5.1904
5.2779
5.1865
4.8130
4.8737
-7.8815
3.6312
-0.7347
-5.7567
-8.0296
6.4714
-6.4998
-6.7286
3.3197
7.8878
0.3311
4.0539
-6.9281
9.0691
0.8176
3.5946
-9.2686
6.1841
4.9724
-7.5963
0.5008
-3.4832
0.9289
-2.0223
-1.6980
-6.3852
-4.8923
-9.5893
8.4735
3.0739
8.6522
-6.7298
8.4218
5.8931
1.5478
-1.1993
-4.8477
5.0388
-5.4266
-8.7163
5.3466
3.4240
4.3042
2.8411
-1.6189
-2.1847
6.3228
-3.6514
6.2908
5.7814
7.0453
0.1127
2.7132
9.0179
-1.1207
-8.7995
7.3350
2.6238
-2.8985
9.9400
-5.5166
3.0490
2.0998
-2.2551
-7.1563
-9.4973
-1.5778
-6.3179
4.5155
-2.5927
6.8312
4.6845
1.4205
-6.4629
9.1477
-4.6936
8.4916
-5.5246
-2.5286
-8.2500
2.8023
-6.3877
-9.0989
4.4635
-3.0511
3.2123
-2.3225
2.5469
-9.5670
8.2114
6.0111
4.9169
6.2623
-2.3338
2.3456
1.5098
0.6010
-4.4986
-5.0274
-0.9672
-5.4457
6.0890
9.7221
-9.4001
0.7132
-8.2585
6.0418
9.7828
-8.6611
8.7880
-9.6364
3.6768
5.6746
0.6827
7.7072
7.9801
2.5188
-7.2425
-5.6440
-6.3572
-9.1635
-7.8611
2.3289
8.7931
-2.9109
-1.7874
9.6870
8.9116
3.5328
9.7659
5.3365
-3.2660
3.2476
-5.1167
-4.0899
3.6036
0.5569
-1.7681
2.0527
5.0103
1.6707
1.0358
1.6714
0.2364
-8.3480
4.3913
9.9230
-2.9093
9.4251
-3.0710
7.7308
-0.9061
-1.7315
-5.6454
-7.4868
-3.8217
4.5220
5.6574
3.8758
-9.8039
6.8642
8.4465
5.4190
-9.1468
-2.4363
4.0868
4.5903
-5.5145
-4.6188
3.4605
-0.4501
2.4742
-5.2711
-6.4575
6.5928
5.3383
8.6896
-7.8421
-6.3554
-8.0180
-0.2047
-6.1350
7.9177
-8.0181
-9.1167
1.1459
5.4499
-3.7611
-6.4204
-3.2209
-5.7971
0.2030
8.1273
2.5785
-7.9692
-2.1828
-8.9076
0.0256
-1.3656
9.9512
6.2321
-0.2869
7.8889
-7.2491
-2.1998
8.5471
8.3499
4.2715
2.3666
-3.1342
8.7205
-7.5044
4.6117
2.9295
6.6630
-2.0343
4.9963
6.7044
-3.5508
1.0451
9.5825
0.9861
-3.3915
2.3894
-2.7873
5.1301
-1.7220
-0.1531
3.8949
9.4547
-3.4449
6.7561
4.7814
9.0834
-9.3614
-2.8626
3.2530
-4.3699
-5.3923
4.2225
2.4914
1.8122
3.2088
-9.0488
-3.0243
-0.9731
-5.1819
4.3008
7.1236
-4.3698
4.6209
-7.2446
6.7344
-7.2280
1.7641
-2.6768
6.1352
0.0756
-0.2081
7.5409
-2.9372
-1.0111
9.2706
-9.1540
9.4591
-6.2158
3.3424
1.7288
3.5022
-2.7796
2.4056
6.2230
-9.6148
-8.3225
9.4960
3.0269
-5.3751
-1.9302
-7.5595
-4.6311
-4.8431
-3.3666
-6.9552
-3.0397
-7.5668
7.6830
-8.1143
8.6007
-2.0195
-9.0520
-3.1524
4.7192
5.8936
0.8981
3.7244
7.8726
-8.9041
-3.9268
-9.0761
-6.0904
4.4032
4.4351
7.5559
1.6487
-8.5862
8.4548
6.0074
-4.2810
0.8732
9.6955
4.3136
6.7793
-1.3348
-0.5875
1.2143
-4.6181
4.9804
0.0777
2.9362
-3.8450
-7.2255
-0.4885
-2.7508
5.7623
5.6058
3.3701
-7.3298
-9.5689
1.1967
-3.9836
8.7882
9.6181
-4.2676
6.0163
7.9222
1.9505
7.6802
8.8746
0.9831
4.5676
1.5352
-9.4828
-1.0693
2.9260
0.4240
-2.5536
8.7426
6.5907
6.9816
-2.5492
1.8636
7.4510
8.6700
3.3692
-5.8645
3.0769
-8.5590
-1.8655
3.3385
8.6744
6.2189
-0.3090
5.1350
-1.6591
9.4357
9.7595
7.2830
3.1921
0.3719
9.4595
2.9798
6.0064
-0.9240
-1.3522
6.5061
-8.3304
-7.3365
-6.5321
-2.1812
6.6276
6.0672
-8.7904
-2.0148
0.5375
-1.6640
3.1370
2.5595
-4.1602
-1.3668
-9.6903
9.6813
-6.6566
-7.8757
-2.5518
-6.0376
-0.2062
-3.2100
9.0326
8.4066
-8.9463
4.7572
-4.6174
-1.5432
0.9574
8.8547
-1.6451
9.6610
-3.9709
4.0219
3.3266
0.7825
3.9621
3.3306
-6.4373
-7.4397
9.9814
-6.5776
-9.3479
1.2238
7.6373
3.3835
-6.1911
-2.6217
-0.7853
9.6328
-6.8719
7.1104
2.8952
-2.4746
-6.1813
-1.4349
-0.3595
-7.5878
1.7901
-5.4762
-2.3076
1.6596
-4.9639
-4.1911
2.3417
-4.6943
6.4875
9.6533
4.6050
-3.1224
1.6814
-7.8446
8.1260
7.5931
6.3551
-4.7853
1.8871
-9.5495
-1.4946
-3.7456
-6.7701
-6.4246
-1.5423
-8.1154
1.9705
-0.5815
3.9190
3.9977
2.7706
-9.3277
-8.6239
-3.6080
0.6172
3.0889
-1.8476
6.3996
4.3670
9.3730
0.6266
-3.4970
-7.8874
2.2191
5.5760
-1.5309
-8.1835
-4.6704
-6.9267
-4.3797
-1.1983
0.5428
-0.8515
7.5074
0.3610
8.8725
2.7542
9.1539
-5.1859
3.5223
-4.2185
3.4361
3.9028
-8.6401
-4.9042
-5.5191
3.3566
6.8878
-3.1108
5.6104
3.5065
-9.8655
2.0434
-2.2646
8.3198
-9.9770
-0.7510
-1.5130
-0.7816
5.4032
-3.5506
5.6947
-0.5728
-9.2847
-6.4825
4.4352
-0.5302
-6.9456
-3.1775
2.1477
-6.1651
4.7684
-5.1430
8.3485
-4.6188
5.3098
-6.2266
-4.2500
-8.1777
1.5241
3.6673
0.9318
-1.4853
2.8889
2.9524
3.5801
2.7156
8.9034
-5.8213
4.1855
-5.2754
-7.6121
2.1461
-0.9972
-0.8254
3.2388
5.4057
-2.9956
3.2402
-1.6768
6.8386
6.6582
-4.8712
2.2692
1.6450
0.8147
7.3986
-4.7044
-3.6384
-7.6156
8.7966
2.9110
-0.4107
2.7862
0.8943
2.9461
0.8777
4.4208
0.4499
9.8739
-5.6265
-7.8839
-7.8059
-8.7280
-1.9084
-1.0325
-2.6837
5.2701
2.5578
5.4396
8.6569
9.4547
-6.1592
-7.2224
3.9253
-8.1236
0.5080
0.6068
7.2227
-0.3028
-2.1308
3.4286
4.8252
0.4010
-3.0457
-7.0001
1.7214
